2351,47,2485,33,2492,102,2358,116
1084,342,1128,332,1133,385,1081,386
1924,47,2133,54,2130,136,1921,129
330,66,491,51,498,128,337,142
515,54,559,54,559,98,515,98
2165,60,2345,60,2345,104,2165,104
591,60,1030,60,1030,126,591,126
16,65,323,65,323,120,16,120
1032,72,1478,44,1482,108,1036,136
1512,65,1899,45,1887,116,1512,131
1682,131,2049,131,2049,197,1682,197
24,134,281,150,276,239,18,223
304,148,607,131,611,203,308,220
833,137,1162,137,1162,208,833,208
635,147,805,147,805,191,635,191
1254,148,1523,141,1525,216,1255,222
1551,142,1660,142,1660,208,1551,208
1189,153,1227,153,1227,180,1189,180
2077,158,2307,158,2307,197,2077,197
2340,158,2477,158,2477,202,2340,202
2082,224,2148,224,2148,290,2082,290
14,241,504,229,505,295,16,307
505,243,801,203,811,275,515,315
827,230,915,230,915,279,827,279
937,235,1068,235,1068,285,937,285
1425,241,1562,241,1562,295,1425,295
1101,252,1310,252,1310,290,1101,290
1348,252,1392,252,1392,290,1348,290
1600,246,2017,246,2017,312,1600,312
2160,244,2501,261,2499,308,2157,291
27,315,319,329,316,394,24,381
347,325,654,288,663,365,356,403
686,315,890,329,885,397,681,383
902,329,1068,320,1072,400,906,408
1556,323,1627,323,1627,378,1556,378
1801,331,2153,321,2156,402,1803,412
1148,331,1506,317,1508,382,1151,395
1662,326,1791,340,1785,393,1656,378
2176,339,2499,339,2499,400,2176,400
22,405,324,413,323,473,20,465
345,416,520,416,520,471,345,471
539,422,771,412,774,479,542,489
811,427,1063,427,1063,471,811,471
1085,427,1732,427,1732,493,1085,493
1759,433,2017,433,2017,493,1759,493
2055,431,2423,439,2422,504,2054,496
24,504,273,491,278,572,28,585
630,493,734,493,734,570,630,570
881,513,1146,484,1155,557,889,586
296,501,588,521,584,582,292,563
745,515,860,515,860,559,745,559
1162,509,1255,509,1255,559,1162,559
1277,515,1326,515,1326,564,1277,564
1359,520,1540,520,1540,591,1359,591
1721,517,2072,527,2071,586,1719,575
1563,523,1690,532,1686,584,1559,574
2099,531,2466,531,2466,575,2099,575
21,602,202,602,202,674,21,674
350,602,630,602,630,663,350,663
646,602,696,602,696,652,646,652
739,608,772,608,772,652,739,652
1011,614,1244,601,1248,668,1015,682
1265,617,1434,602,1440,672,1271,688
1458,608,1540,608,1540,668,1458,668
1869,608,2093,608,2093,701,1869,701
790,606,983,619,979,678,786,665
1573,635,1660,635,1660,679,1573,679
1677,630,1830,630,1830,707,1677,707
2110,630,2345,630,2345,679,2110,679
2367,635,2455,635,2455,690,2367,690
13,691,333,672,337,730,17,750
356,690,657,690,657,734,356,734
690,696,1008,696,1008,761,690,761
1035,696,1118,696,1118,745,1035,745
1151,701,1496,701,1496,761,1151,761
1546,697,1793,707,1791,776,1543,767
1812,710,2119,693,2124,777,1816,794
2159,718,2280,718,2280,756,2159,756
2302,712,2477,712,2477,772,2302,772
28,752,343,779,334,841,20,841
372,778,405,778,405,827,372,827
691,773,1070,782,1068,847,689,838
427,783,531,783,531,833,427,833
1107,783,1304,783,1304,855,1107,855
1342,783,1649,783,1649,844,1342,844
1911,787,2494,795,2493,847,1912,855
537,794,663,794,663,833,537,833
1683,793,1892,800,1890,839,1681,833
8,838,294,857,288,903,16,928
323,860,619,860,619,909,323,909
630,853,839,860,837,936,628,928
879,844,1002,875,985,941,863,910
1364,860,1841,853,1842,927,1365,934
1035,871,1337,865,1338,934,1036,941
1864,864,2029,871,2027,923,1861,916
2302,866,2477,866,2477,920,2302,920
2055,871,2241,871,2241,920,2055,920
2247,877,2280,877,2280,926,2247,926
438,920,789,920,789,992,438,992
14,937,153,929,156,986,17,995
192,933,407,943,405,985,190,975
808,926,1039,952,1031,1023,800,998
1061,948,1238,941,1241,1014,1064,1021
1260,942,1348,942,1348,992,1260,992
1477,954,1995,935,1998,1005,1482,1007
2028,942,2077,942,2077,992,2028,992
2103,959,2345,950,2347,993,2105,1002
2395,953,2472,953,2472,992,2395,992
1381,959,1458,959,1458,997,1381,997
28,1000,227,1014,222,1077,23,1064
252,1008,718,1008,718,1079,252,1079
1333,1020,1663,998,1668,1074,1338,1096
2307,1008,2455,1008,2455,1079,2307,1079
2023,1012,2297,1020,2295,1089,2021,1082
756,1019,1277,1019,1277,1090,756,1090
1688,1019,1984,1019,1984,1090,1688,1090
33,1069,361,1092,369,1133,22,1169
400,1096,482,1096,482,1145,400,1145
1053,1103,1324,1083,1329,1150,1058,1170
515,1101,1030,1101,1030,1164,520,1143
1359,1101,1688,1101,1688,1172,1359,1172
1710,1101,1792,1101,1792,1145,1710,1145
2311,1113,2460,1105,2462,1145,2313,1154
1830,1107,2110,1107,2110,1172,1830,1172
2143,1118,2187,1118,2187,1156,2143,1156
2208,1123,2274,1123,2274,1156,2208,1156
24,1162,184,1152,188,1210,28,1220
1668,1156,1743,1158,1730,1227,1666,1227
202,1162,487,1162,487,1222,202,1222
1052,1176,1350,1190,1347,1241,1050,1228
1381,1178,1622,1178,1622,1227,1381,1227
1755,1182,2160,1176,2162,1224,1713,1263
2187,1181,2331,1188,2328,1234,2185,1227
2356,1194,2472,1194,2472,1227,2356,1227
16,1244,175,1244,175,1315,16,1315
1371,1242,1557,1249,1554,1325,1368,1318
202,1255,328,1255,328,1299,202,1299
345,1249,482,1249,482,1326,345,1326
504,1255,718,1255,718,1299,504,1299
756,1260,1046,1260,1046,1304,756,1304
1162,1255,1342,1255,1342,1337,1162,1337
1578,1260,2104,1260,2104,1337,1578,1337
1068,1266,1151,1266,1151,1342,1068,1342
2143,1271,2406,1271,2406,1320,2143,1320
17,1338,323,1313,329,1387,23,1412
844,1326,970,1326,970,1397,844,1397
426,1337,794,1331,795,1400,427,1406
356,1348,400,1348,400,1381,356,1381
2003,1349,2410,1334,2413,1405,2006,1420
1003,1348,1316,1364,1314,1418,1000,1401
1348,1353,1595,1353,1595,1397,1348,1397
1627,1348,1984,1348,1984,1414,1627,1414
2433,1359,2493,1359,2493,1397,2433,1397
197,1416,516,1425,514,1494,195,1486
28,1422,145,1431,141,1482,24,1473
548,1430,712,1430,712,1507,548,1507
745,1436,1090,1436,1090,1496,745,1496
1383,1442,1577,1434,1576,1507,1379,1514
1595,1436,1792,1436,1792,1490,1595,1490
1819,1436,2044,1436,2044,1490,1819,1490
2302,1449,2443,1431,2449,1484,2308,1501
1118,1447,1370,1447,1370,1512,1118,1512
2064,1449,2301,1442,2303,1501,2066,1508
13,1521,168,1509,172,1566,17,1578
180,1512,380,1511,378,1570,169,1596
400,1512,482,1512,482,1567,400,1567
497,1515,700,1509,702,1562,498,1568
757,1513,1130,1532,1128,1587,754,1568
1536,1507,1790,1528,1786,1589,1532,1568
1817,1522,2147,1510,2150,1589,1820,1601
1140,1529,1386,1529,1386,1573,1140,1573
2187,1534,2466,1534,2466,1595,2187,1595
27,1578,153,1578,153,1633,27,1633
696,1595,1238,1595,1238,1644,696,1644
1245,1585,1487,1596,1484,1671,1242,1659
1590,1591,1810,1598,1808,1650,1588,1644
624,1606,663,1606,663,1638,624,1638
1518,1606,1562,1606,1562,1638,1518,1638
1836,1599,2384,1606,2383,1674,1835,1667
2400,1616,2493,1616,2493,1655,2400,1655
181,1664,401,1671,399,1716,179,1709
22,1669,156,1684,151,1734,17,1719
460,1666,811,1666,811,1726,460,1726
1638,1666,1797,1666,1797,1748,1638,1748
843,1677,1134,1671,1135,1726,844,1733
1806,1679,2115,1666,2117,1726,1809,1739
1151,1677,1200,1677,1200,1726,1151,1726
1238,1677,1606,1677,1606,1743,1238,1743
2143,1678,2484,1694,2482,1738,2141,1722
437,1767,706,1745,714,1834,445,1855
16,1754,153,1754,153,1808,16,1808
187,1754,358,1763,355,1811,184,1802
712,1759,794,1759,794,1814,712,1814
828,1752,1120,1770,1116,1845,823,1827
1794,1782,2104,1763,2108,1825,1798,1843
383,1764,433,1764,433,1808,383,1808
1144,1770,1501,1760,1503,1833,1146,1843
1541,1759,1773,1777,1769,1834,1537,1816
2137,1769,2456,1777,2455,1818,2136,1809
16,1858,274,1858,274,1951,16,1951
302,1869,511,1880,509,1923,300,1913
542,1874,827,1874,827,1912,542,1912
849,1869,1134,1869,1134,1940,849,1940
1496,1869,1573,1869,1573,1934,1496,1934
1162,1869,1366,1877,1364,1925,1160,1918
1595,1874,1880,1874,1880,1945,1595,1945
1901,1880,2258,1880,2258,1951,1901,1951
2267,1886,2488,1879,2490,1949,2269,1956
32,1940,219,1940,219,2028,32,2028
236,1938,576,1951,574,2023,233,2010
583,1944,842,1931,845,2000,586,2013
866,1956,1096,1956,1096,2022,866,2022
1123,1956,1266,1956,1266,2017,1123,2017
1278,1966,1437,1938,1447,1998,1288,2026
1480,1959,1826,1970,1824,2015,1478,2003
1841,1956,1967,1956,1967,2028,1841,2028
2389,1962,2477,1962,2477,2000,2389,2000
2001,1964,2352,1972,2351,2018,1999,2010
1567,2011,1978,2040,1965,2096,1567,2093
274,2028,306,2028,306,2077,274,2077
526,2028,1063,2028,1063,2104,526,2104
16,2033,235,2033,235,2104,16,2104
319,2026,513,2047,506,2118,312,2098
1107,2033,1183,2033,1183,2077,1107,2077
1212,2029,1539,2025,1550,2101,1203,2103
1993,2047,2208,2037,2210,2091,1996,2101
2219,2044,2263,2044,2263,2088,2219,2088
2269,2049,2461,2049,2461,2110,2269,2110
1708,2104,1895,2097,1897,2159,1710,2166
1922,2092,2148,2127,2136,2205,1910,2169
22,2102,506,2124,503,2190,19,2168
849,2104,920,2104,920,2176,849,2176
2170,2110,2208,2110,2208,2165,2170,2165
1381,2107,1683,2114,1682,2172,1380,2164
943,2113,1354,2124,1357,2178,941,2190
526,2118,781,2137,777,2190,522,2171
2225,2121,2302,2121,2302,2170,2225,2170
2324,2121,2461,2121,2461,2181,2324,2181
1567,2161,1804,2204,1788,2291,1551,2248
16,2181,87,2181,87,2236,16,2236
1330,2187,1534,2179,1537,2247,1332,2255
115,2189,525,2189,522,2242,117,2244
1867,2203,2389,2185,2391,2240,1869,2258
552,2203,1090,2195,1091,2241,553,2249
1101,2192,1288,2192,1288,2269,1101,2269
2406,2197,2493,2197,2493,2247,2406,2247
882,2262,1453,2275,1452,2345,881,2332
2115,2269,2165,2269,2165,2329,2115,2329
2171,2283,2309,2255,2322,2320,2184,2347
16,2274,98,2274,98,2329,16,2329
504,2274,860,2274,860,2329,504,2329
1486,2271,1706,2278,1704,2336,1484,2329
1754,2274,2082,2274,2082,2340,1754,2340
2329,2291,2477,2291,2477,2329,2329,2329
241,2373,482,2373,482,2428,241,2428
1497,2369,1855,2390,1851,2459,1493,2438
509,2378,701,2378,701,2422,509,2422
721,2384,1002,2374,1005,2441,723,2451
27,2389,98,2389,98,2433,27,2433
115,2384,219,2384,219,2461,115,2461
1226,2395,1452,2385,1454,2438,1228,2448
1030,2395,1074,2395,1074,2439,1030,2439
1112,2400,1227,2400,1227,2439,1112,2439
2277,2406,2481,2394,2484,2439,2280,2451
1891,2406,1923,2406,1923,2450,1891,2450
1951,2406,2247,2406,2247,2461,1951,2461
203,2473,495,2443,503,2517,210,2546
16,2466,186,2466,186,2537,16,2537
2116,2464,2279,2479,2273,2546,2110,2531
553,2472,838,2472,838,2543,553,2543
1287,2477,2065,2465,2067,2543,1288,2555
926,2477,1271,2477,1271,2532,926,2532
855,2499,898,2499,898,2532,855,2532
2291,2499,2450,2499,2450,2554,2291,2554
16,2548,109,2548,109,2614,16,2614
142,2565,175,2565,175,2620,142,2620
561,2570,935,2546,940,2619,566,2643
191,2570,312,2570,312,2652,191,2652
339,2570,548,2570,548,2620,339,2620
1705,2568,2160,2581,2158,2658,1703,2644
970,2576,1342,2576,1342,2641,970,2641
1364,2576,1616,2576,1616,2625,1364,2625
1638,2581,1677,2581,1677,2620,1638,2620
2186,2554,2394,2578,2382,2643,2181,2647
2389,2592,2450,2592,2450,2658,2389,2658
27,2634,205,2645,201,2712,23,2702
225,2665,504,2645,509,2722,231,2743
510,2665,699,2650,705,2723,516,2738
707,2674,948,2674,948,2768,707,2768
975,2674,1151,2674,1151,2757,975,2757
1167,2674,1392,2674,1392,2729,1167,2729
1430,2680,1468,2680,1468,2724,1430,2724
1484,2685,1674,2664,1681,2729,1491,2750
1699,2674,2082,2674,2082,2751,1699,2751
2117,2673,2447,2702,2441,2767,2111,2738
1928,2732,2252,2767,2243,2850,1919,2816
11,2744,242,2753,239,2847,8,2838
273,2747,591,2741,592,2800,274,2807
630,2751,663,2751,663,2806,630,2806
696,2756,1092,2768,1089,2847,693,2835
1139,2768,1578,2762,1579,2829,1140,2836
1626,2768,1890,2761,1892,2815,1628,2822
1118,2778,1145,2778,1145,2822,1118,2822
2281,2774,2440,2785,2438,2827,2278,2816
191,2833,361,2833,361,2899,191,2899
949,2841,1127,2826,1133,2892,954,2907
1129,2841,1383,2822,1389,2898,1134,2917
21,2844,153,2844,153,2888,21,2888
1422,2847,1736,2832,1739,2912,1426,2926
1912,2844,1951,2844,1951,2905,1912,2905
389,2844,690,2844,690,2899,389,2899
723,2844,926,2844,926,2916,723,2916
1951,2844,2093,2844,2093,2926,1951,2926
2110,2843,2320,2849,2318,2906,2109,2899
1733,2840,1895,2854,1890,2912,1728,2898
2351,2861,2461,2861,2461,2905,2351,2905
115,2910,487,2910,487,2981,115,2981
517,2915,749,2902,753,2965,520,2978
788,2922,1063,2915,1064,2965,789,2972
1514,2916,1708,2903,1712,2970,1518,2983
10,2916,87,2916,87,2981,10,2981
1348,2916,1501,2916,1501,3003,1348,3003
1759,2921,1797,2921,1797,2976,1759,2976
1140,2921,1320,2921,1320,3009,1140,3009
1825,2926,2324,2926,2324,2976,1825,2976
1074,2932,1118,2932,1118,2970,1074,2970
2335,2926,2433,2926,2433,2987,2335,2987
1293,2987,1331,2987,1331,3047,1293,3047
453,2989,678,2982,680,3047,455,3054
712,2987,866,2987,866,3064,712,3064
13,3009,240,2994,244,3062,18,3077
1053,2995,1240,3005,1237,3062,1050,3052
263,3003,433,3003,433,3053,263,3053
882,3003,1019,3003,1019,3053,882,3053
1350,3006,1561,2993,1564,3052,1354,3066
1583,3009,2181,3001,2182,3062,1584,3069
2203,3007,2473,3016,2471,3078,2201,3069
451,3057,660,3080,642,3164,413,3137
863,3091,1150,3073,1155,3136,867,3155
1647,3078,1829,3071,1832,3145,1649,3152
76,3080,400,3080,400,3143,81,3147
1172,3085,1205,3085,1205,3135,1172,3135
1244,3080,1386,3080,1386,3168,1244,3168
694,3095,854,3088,856,3129,696,3137
1401,3091,1633,3084,1634,3136,1403,3143
1849,3078,2110,3091,2110,3162,1846,3162
2126,3096,2313,3096,2313,3173,2126,3173
2340,3096,2455,3096,2455,3146,2340,3146
3,3167,180,3142,189,3206,13,3232
219,3157,249,3147,246,3206,219,3206
274,3153,664,3162,663,3222,272,3213
685,3160,965,3167,964,3229,684,3222
1014,3161,1366,3173,1363,3233,1012,3261
1656,3166,1958,3179,1955,3252,1653,3239
2280,3173,2433,3173,2433,3228,2280,3228
1392,3190,1622,3190,1622,3228,1392,3228
1989,3190,2219,3190,2219,3228,1989,3228
1048,3262,1348,3236,1353,3299,1054,3325
361,3244,652,3244,652,3305,361,3305
668,3251,825,3235,831,3297,674,3313
10,3250,142,3250,142,3299,10,3299
169,3250,339,3250,339,3305,169,3305
838,3250,1019,3250,1019,3310,838,3310
1381,3255,1414,3255,1414,3299,1381,3299
1836,3250,2011,3250,2011,3305,1836,3305
1436,3255,1573,3255,1573,3321,1436,3321
1589,3261,1814,3261,1814,3299,1589,3299
2247,3255,2400,3255,2400,3327,2247,3327
2417,3266,2483,3266,2483,3299,2417,3299
2017,3266,2244,3268,2220,3325,2005,3335
10,3316,158,3316,158,3370,10,3370
169,3316,339,3316,339,3381,169,3381
1644,3316,2088,3316,2088,3398,1644,3398
1326,3319,1612,3327,1611,3386,1325,3377
369,3319,532,3342,523,3408,359,3385
552,3333,871,3326,872,3386,553,3392
899,3326,1299,3332,1298,3401,898,3395
65,3414,290,3414,290,3502,65,3502
887,3420,1299,3420,1299,3502,887,3502
312,3425,383,3425,383,3480,312,3480
401,3421,616,3436,611,3504,396,3490
1490,3431,1518,3431,1518,3486,1490,3486
2017,3431,2269,3431,2269,3486,2017,3486
663,3431,871,3431,871,3486,663,3486
1567,3431,1989,3431,1989,3497,1567,3497
2294,3423,2396,3443,2386,3493,2285,3472
1337,3442,1463,3442,1463,3480,1337,3480
2400,3442,2488,3442,2488,3486,2400,3486
242,583,219,668,331,662,334,600
532,1144,1028,1174,1028,1233,509,1228
1468,1505,1430,1572,1503,1577,1506,1514
200,1588,606,1590,611,1642,172,1634
1444,1863,1488,1866,1488,1926,1431,1924
186,2239,480,2275,481,2325,148,2328
5,3091,50,3083,61,3140,7,3137
2120,3327,2479,3331,2483,3390,2109,3421
11,3412,55,3407,57,3472,8,3472
